true
0 1000
5C 900
0 85
5D 900
0 85
4G 700
0 85
5D 900
0 85
5E 900
0 85
5G 270
5F 270
5E 270
0 50
5C 700
0 85
5D 700
0 85
4G 900
0 400
4G 270
4G 270
4A 270
5C 300
0 40
5C 300
0 40
5C 300
0 40
5C 900
0 85
5D 700
0 40
4G 400
0 85
5D 700
0 85
5E 700
0 100
5G 270
5F 270
5E 270
0 85
5C 700
0 85
5D 700
0 100
4G 500
0 40
4B 500
5C 270
0 40
5C 900
0 40
5C 270
5C 270
0 40
5C 270
0 85
4A 270
0 40
4B 270
0 40
5C 400
0 40
5C 270
0 40
5D 270
0 85
4B 500
0 40
4A 270
4G 900
0 400
4A 270
0 40
4A 270
0 40
4B 270
0 40
5C 300
0 40
4A 600
0 85
4G 270
0 85
5G 500
0 150
5G 350
5D 350
5G 350
5D 350
5G 350
5D 600
0 250
4A 270
0 40
4A 270
0 40
4B 270
0 40
5C 270
0 85
4A 270
0 85
5C 270
0 40
5D 270
0 150
4B 270
0 60
4A 270
0 60
4G 900
0 400
4A 270
0 40
4A 350
4B 350
5C 350
4A 350
4G 350
0 85
5D 270
0 40
5D 270
0 40
5D 270
0 40
5E 270
0 40
5D 700
0 150
5C 900
0 40
5D 270
0 40
5E 270
0 40
5C 270
0 40
5D 270
0 40
5D 270
0 40
5D 270
0 40
5E 270
0 40
5D 400
0 40
4G 400
0 500
4A 270
0 40
4B 270
0 40
5C 270
0 40
4A 270
0 150
5D 270
0 40
5E 270
0 40
5D 400
0 200
4G 270
4A 270
5C 270
4A 270
5E 400
0 40
5E 270
0 85
5D 700
0 40
4G 270
4A 270
5C 270
4A 270
5D 400
0 40
5D 270
0 85
5C 400
0 40
4B 270
4A 270
0 40
4G 270
4A 270
5C 270
4A 270
5C 500
0 40
5D 270
0 40
4B 500
4A 270
4G 400
0 150
4G 270
0 85
5D 400
0 85
5C 700
0 85
4G 270
4A 270
5C 270
4A 270
5E 400
0 40
5E 270
0 85
5D 600
0 40
4G 270
4A 270
5C 270
4A 270
5G 400
0 40
4B 270
0 40
5C 400
0 40
4B 270
4A 270
0 40
4G 270
4A 270
5C 270
4A 270
5C 500
0 40
5D 350
4B 350
0 40
4A 270
4G 350
0 85
4G 350
5D 350
0 85
5C 700
0 150
5C 500
0 40
5D 450
0 40
4G 350
0 85
5D 450
0 85
5E 500
0 40
5G 270
5F 270
5E 270
0 40
5C 500
0 40
5D 500
0 40
4G 700
0 200
4G 270
4G 270
4A 270
5C 270
0 40
5C 270
5C 450
0 85
5D 500
0 85
4G 350
0 85
5D 400
0 85
5E 400
0 85
5G 270
5F 270
5E 270
0 40
5C 500
0 40
5D 450
0 40
4G 400
0 40
4B 270
0 40
5C 270
0 40
5C 500
0 85
5C 270
5C 270
0 40
5C 270
0 200
4A 270
0 40
4B 270
0 40
5C 270
0 40
5C 350
5D 350
4B 350
0 40
4A 270
4G 900
0 300
4A 270
0 40
4A 270
0 40
4B 270
0 40
5C 270
0 40
4A 350
0 85
4G 350
4G 350
0 85
5G 350
5D 350
5G 350
5D 350
5G 350
5D 600
0 40
4A 270
0 40
4A 270
0 40
4B 270
0 40
5C 270
0 40
4A 270
0 40
5C 270
0 40
5D 270
0 85
4B 270
0 40
4A 270
0 40
4G 600
0 200
4A 270
0 40
4A 270
0 40
4B 270
0 40
5C 350
4A 350
4G 350
0 85
5D 270
0 40
5D 270
0 40
5D 270
0 40
5E 270
0 40
5D 400
0 150
5C 600
0 85
5D 270
0 40
5E 270
0 40
5C 270
0 40
5D 270
0 40
5D 270
0 40
5D 270
0 40
5E 270
0 40
5D 400
0 40
4G 400
0 500
4A 270
0 40
4B 270
0 40
5C 270
0 40
4A 270
0 85
5D 270
0 40
5E 270
0 40
5D 350
0 40
4G 350
0 300
4A 270
0 40
4B 270
0 40
5C 270
0 40
4A 270
0 85
5D 270
0 40
5E 270
0 40
5D 350
0 150
4G 270
4A 270
5C 270
4A 270
5E 350
0 40
5E 270
0 85
5D 450
0 85
4G 270
4A 270
5C 270
4A 270
5D 350
0 40
5D 270
0 85
5C 350
0 40
4B 270
4A 270
0 40
4G 270
4A 270
5C 270
4A 270
5C 400
0 40
5D 350
4B 350
0 40
4A 270
4G 350
0 85
4G 270
0 40
5D 350
0 85
5C 500
0 120
4G 270
4A 270
5C 270
4A 270
5E 350
0 40
5E 350
0 40
5D 450
0 120
4G 270
4A 270
5C 270
4A 270
5G 400
0 40
4B 270
0 40
5C 350
0 40
4B 270
4A 270
0 40
4G 270
4A 270
5C 270
4A 270
4C 450
0 40
4D 270
0 40
4B 350
0 40
4A 270
4G 350
0 85
4G 350
5D 350
0 85
5C 800